2300.000000 210.000000 300.000000 310.000000 4.000000 1.200000 -1.000000 1.000000
820.000000 280.000000 245.000000 201.000000 6.500000 5.400000 1.000000 1.000000
2325.000000 215.000000 320.000000 324.000000 4.200000 2.800000 0.000000 3.000000
830.000000 282.000000 255.000000 200.000000 4.200000 4.700000 1.000000 1.000000
825.000000 284.000000 250.000000 204.000000 5.000000 2.600000 0.000000 1.000000
2250.000000 150.000000 300.000000 155.000000 5.000000 3.300000 0.000000 2.000000
4000.000000 110.000000 300.000000 50.000000 3.400000 2.100000 0.000000 2.000000
2800.000000 260.000000 215.000000 260.000000 7.700000 6.800000 1.000000 1.000000
5120.000000 110.000000 210.000000 52.000000 3.600000 3.700000 0.000000 3.000000
4800.000000 140.000000 220.000000 18.000000 9.600000 5.700000 1.000000 3.000000
2450.000000 210.000000 230.000000 210.000000 5.000000 1.200000 -1.000000 1.000000
2900.000000 290.000000 272.000000 350.000000 5.600000 5.200000 1.000000 2.000000
480.000000 295.000000 292.000000 245.000000 9.900000 6.900000 1.000000 1.000000
810.000000 281.000000 250.000000 202.000000 6.000000 3.000000 0.000000 1.000000
